Step3 Calibrated 无状态文件的受试者列表
生成时间: 2025-08-23 17:47:51.065781
无文件数量: 66
==================================================
00003
00016
00017
00023
00041
00042
00043
00044
00045
00046
00047
00048
00049
00050
00051
00052
00053
00054
00055
00056
00057
00058
00059
00060
00061
00062
00063
00064
00065
00066
00067
00068
00069
00070
00071
00072
00073
00074
00075
00076
00077
00078
00079
00080
00081
00082
00083
00084
00085
00086
00087
00088
00089
00090
00091
00092
00093
00094
00095
00096
00097
00099
00102
00103
00105
00107
